name: maskrcnn-3
channels:
  - defaults
dependencies:
  - blas=1.0=mkl
  - ca-certificates=2020.12.8=haa95532_0
  - certifi=2020.12.5=py36haa95532_0
  - cloudpickle=1.5.0=py_0
  - cytoolz=0.10.1=py36he774522_0
  - dask-core=2.20.0=py_0
  - decorator=4.4.2=py_0
  - freetype=2.10.2=hd328e21_0
  - hdf5=1.8.20=hac2f561_1
  - icc_rt=2019.0.0=h0cc432a_1
  - icu=58.2=ha925a31_3
  - imageio=2.9.0=py_0
  - intel-openmp=2020.1=216
  - jinja2=2.11.2=py_0
  - joblib=1.0.0=pyhd3eb1b0_0
  - jpeg=9b=hb83a4c4_2
  - kiwisolver=1.2.0=py36h74a9793_0
  - libopencv=3.4.2=h20b85fd_0
  - libpng=1.6.37=h2a8f88b_0
  - libtiff=4.1.0=h56a325e_1
  - lz4-c=1.9.2=h62dcd97_0
  - markupsafe=1.1.1=py36he774522_0
  - matplotlib=3.2.2=0
  - matplotlib-base=3.2.2=py36h64f37c6_0
  - mkl=2020.1=216
  - mkl-service=2.3.0=py36hb782905_0
  - mkl_fft=1.1.0=py36h45dec08_0
  - mkl_random=1.1.1=py36h47e9c7a_0
  - networkx=2.4=py_1
  - numpy-base=1.18.5=py36hc3f5095_0
  - olefile=0.46=py36_0
  - opencv=3.4.2=py36h40b0b35_0
  - openssl=1.1.1i=h2bbff1b_0
  - pandas=1.1.5=py36hd77b12b_0
  - pillow=7.2.0=py36hcc1f983_0
  - pip=20.1.1=py36_1
  - py-opencv=3.4.2=py36hc319ecb_0
  - pyparsing=2.4.7=py_0
  - pyqt=5.9.2=py36h6538335_2
  - python=3.6.10=h9f7ef89_2
  - python-dateutil=2.8.1=py_0
  - pytz=2020.4=pyhd3eb1b0_0
  - pywavelets=1.1.1=py36he774522_0
  - qt=5.9.7=vc14h73c81de_0
  - scikit-learn=0.23.2=py36h47e9c7a_0
  - setuptools=47.3.1=py36_0
  - sip=4.19.8=py36h6538335_0
  - six=1.15.0=py_0
  - sqlite=3.32.3=h2a8f88b_0
  - threadpoolctl=2.1.0=pyh5ca1d4c_0
  - tk=8.6.10=he774522_0
  - toolz=0.10.0=py_0
  - tornado=6.0.4=py36he774522_1
  - vc=14.1=h0510ff6_4
  - vs2015_runtime=14.16.27012=hf0eaf9b_3
  - wheel=0.34.2=py36_0
  - wincertstore=0.2=py36h7fe50ca_0
  - xz=5.2.5=h62dcd97_0
  - yaml=0.2.5=he774522_0
  - zlib=1.2.11=h62dcd97_4
  - zstd=1.4.4=ha9fde0e_3
  - pip:
    - absl-py==0.9.0
    - attrs==19.3.0
    - bleach==1.5.0
    - cycler==0.10.0
    - cython==0.29.21
    - defusedxml==0.6.0
    - entrypoints==0.3
    - h5py==2.10.0
    - html5lib==0.9999999
    - imgaug==0.4.0
    - importlib-metadata==1.7.0
    - imutils==0.5.3
    - ipywidgets==7.5.1
    - jsonschema==3.2.0
    - jupyter==1.0.0
    - jupyter-console==6.1.0
    - keras==2.1.3
    - markdown==3.2.2
    - mistune==0.8.4
    - nbconvert==5.6.1
    - nbformat==5.0.7
    - notebook==6.0.3
    - numpy==1.19.0
    - opencv-python==4.3.0.36
    - pandocfilters==1.4.2
    - prometheus-client==0.8.0
    - protobuf==3.12.2
    - pycocotools==2.0
    - pyrsistent==0.16.0
    - pywinpty==0.5.7
    - pyyaml==5.3.1
    - qtconsole==4.7.5
    - qtpy==1.9.0
    - scikit-image==0.17.2
    - scipy==1.5.1
    - send2trash==1.5.0
    - shapely==1.7.0
    - tensorflow-gpu==1.5.0
    - tensorflow-tensorboard==1.5.1
    - terminado==0.8.3
    - testpath==0.4.4
    - tifffile==2020.7.4
    - werkzeug==1.0.1
    - widgetsnbextension==3.5.1
    - zipp==3.1.0
prefix: C:\Users\Chris\anaconda3\envs\maskrcnn-3
